
BFS: 6.594312906265259 seconds
BFS: 6.596252679824829 seconds
BFS: 1.6316356658935547 seconds
BFS: 1.614626169204712 seconds
BFS: 1.579235553741455 seconds
A*: 1.3371424674987793 seconds
Dijkstra: 1.571058750152588 seconds
BFS: 1.6239240169525146 seconds
DFS: 1.1368029117584229 seconds